0 0.435007 0.666248 0.029574 0.070819
1 0.581499 0.510045 0.041953 0.03767
0 0.614856 0.522853 0.02751 0.029131
0 0.616231 0.543446 0.02751 0.037167
0 0.484182 0.872677 0.019257 0.045706
0 0.47868 0.32672 0.024759 0.03767
0 0.082875 0.53114 0.036451 0.03767
0 0.162655 0.533149 0.04608 0.041688
0 0.087345 0.509292 0.030261 0.027122
0 0.49553 0.754897 0.025447 0.027122
0 0.475241 0.751883 0.023384 0.025113
0 0.302613 0.810146 0.022008 0.029131
0 0.324622 0.801858 0.02751 0.03767
1 0.161623 0.52888 0.023384 0.037167
1 0.087001 0.526871 0.0337 0.025113
0 0.45392 0.088398 0.030261 0.03114
1 0.451169 0.084129 0.033012 0.051733
0 0.53989 0.26218 0.019257 0.029131
1 0.939821 0.473631 0.06121 0.064289
1 0.730055 0.476896 0.036451 0.03767
